# N 	NAME 	S[cm] 	BetaX1 	AlfaX1 	BetaY1 	AlfaY1 	Teta1/(2*PI) 	BetaX2 	AlfaX2 	BetaY2 	AlfaY2 	Teta2/(2*PI) 	U      	DspX 	DspXp 	DspY 	DspYp 	NuX 	NuY 	-M56[cm]
   0	START	  0.00	9454.3	-0.807353	72.4084	-0.0154896	-0.0385626	152.409	0.00604974	5843.42	0.153564	-0.466268	0.00979505	212.569	0.00895484	7.74879	0.0033399	0.00000	0.00000	0
 156	qTQFE1F13	7426.22	9506.25	1.82403	152.487	-0.0331454	0.139764	291.597	0.0332625	3062.77	-0.660399	0.281536	0.0122202	127.512	-0.0120225	17.7078	0.00476918	0.24431	0.18479	-4.33816
 218	qTQDE2F14	10400.56	3055.61	-0.629289	291.697	0.0818061	0.234548	153.798	-0.0334845	9665.51	1.89893	0.359957	0.00371715	153.126	0.0742328	26.0123	-0.00678847	0.34431	0.26973	-11.3096
 281	qTQFE1F15	13377.44	9309.53	1.77776	10.5529	0.00969125	0.269784	350.155	0.0898891	3003.59	-0.573065	0.45096	0.00584041	395.879	-0.0446689	7.54666	-0.00290172	0.43077	0.36980	-25.621
 344	qTQDE2F16	16349.24	3080.77	-0.655927	56.7146	-0.0056971	-0.0053142	20.907	0.013055	8905.84	1.77039	-0.494852	0.00596806	337.518	0.110495	0.520456	-0.00225569	0.53103	0.45921	-42.4374
 406	qTQFF3F17	19323.58	9530.51	1.85061	124.388	-0.0564513	0.0421217	28.7256	-0.00634493	2877.86	-0.630842	0.22812	0.0062991	666.749	-0.117457	-4.38493	-0.00232461	0.61587	0.56658	-62.291
 490	qTQDF4F18	22297.92	3005.86	-0.58449	492.817	0.0944362	0.135783	91.8158	-0.0435789	9444.56	1.71027	0.27793	0.0045996	359.442	0.0324882	-26.1767	0.00222439	0.71654	0.65550	-69.7165
 553	qTQFF3F19	25272.26	8965.48	1.7454	111.329	0.00043371	0.210303	458.665	0.0826604	3421.09	-0.741358	0.359409	0.00767185	470.842	-0.121964	-19.1421	-0.0036892	0.80555	0.74933	-80.4165
 616	qTQDF4F21	28249.14	2942.6	-0.623071	100.055	0.0380249	0.277718	109.676	6.42157e-05	10214.3	2.01258	0.415764	0.00982346	171.896	-0.0231609	-26.4756	0.00760701	0.91068	0.82637	-86.2888
 680	qTQFF3F22	31220.94	9262.52	1.76527	13.8492	-0.0139829	0.0514881	94.7254	0.0377685	3034.06	-0.530228	0.465939	0.0108422	143.403	-0.0485262	-3.54899	0.00620454	0.99858	0.92190	-85.6667
 744	qTQDF4F23	34195.28	3063.52	-0.626388	177.409	0.0161693	0.0608891	9.6354	-0.00669541	8607.85	1.65834	0.29759	0.00977855	54.8798	0.00434019	9.67712	0.00124373	1.09910	1.01229	-83.9626
 808	qTQFF3F24	37169.62	9270.7	1.81115	121.93	-0.0353505	0.109988	157.165	0.0122912	3001.37	-0.699459	0.276041	0.0112218	111.488	-0.0056666	14.7042	0.00663552	1.18511	1.11858	-85.1149
 871	qTQDF4F25	40146.50	2946.77	-0.588038	384.647	0.0805668	0.18759	113.466	-0.0328209	9954.61	1.82686	0.311734	0.0135349	156.988	0.0802713	32.5662	-0.0055238	1.28771	1.20221	-89.925
 934	qTQFF3F26	43118.30	8953.68	1.72689	71.8813	0.00289443	0.228588	345.949	0.076788	3402.45	-0.671507	0.369115	0.0163776	416.086	-0.0477793	18.6965	0.00233328	1.37678	1.29257	-103.699
 998	qTQDF4F27	46092.64	2983.1	-0.637284	49.4494	0.0204765	0.272434	66.589	0.00474615	9720.72	1.93973	0.42165	0.00849075	348.375	0.108144	11.7495	-0.00645581	1.48109	1.37203	-120.87
1062	qTQF28	49066.98	9385.69	1.78168	20.5647	-0.0178551	0.0432496	40.5236	0.0176279	2915.14	-0.544415	0.444263	0.00923666	670.347	-0.120314	-5.61794	-0.00663977	1.56792	1.47289	-142.145
1125	qTQDF4F29	52043.86	3117.51	-0.629428	300.076	0.0286385	0.0858076	31.101	-0.0259206	8685.93	1.62567	0.202284	0.0101422	390.903	0.0554245	-15.541	0.00288773	1.66684	1.56485	-161.951
1189	qTQF32	55015.66	9277.94	1.75411	190.09	-0.0490422	0.146469	355.545	0.0391197	3151.12	-0.711111	0.258912	0.0124623	563.554	-0.130209	-5.32343	0.00210019	1.75187	1.66736	-176.403
1260	qTQF33	58068.74	3218.22	-0.702417	421.336	0.109854	0.248738	192.537	-0.040693	9762.35	1.92614	0.338504	0.00290205	245.09	-0.00319952	-15.5158	0.00262088	1.85630	1.75048	-186.174
1317	qTQFF3F34	60964.34	9609.18	1.87324	30.2651	0.0162833	0.306542	421.71	0.109843	3083.76	-0.565076	0.426892	0.00566066	266.56	-0.0771761	-7.35933	0.000473966	1.93652	1.84538	-188.699
1326	qTQF34	61043.08	9317.09	1.83638	27.7617	0.0155101	0.305412	404.59	0.107584	3175.38	-0.598474	0.430703	0.00566066	260.483	-0.0771761	-7.32201	0.000473966	1.93783	1.84936	-188.699
1383	qTQDF4F35	63941.22	2997.82	-0.570428	20.6492	-0.00663844	0.0291799	22.6181	0.0159693	8828.74	1.70578	0.483816	0.00619466	95.5563	-0.00816052	-4.66613	0.00291899	2.03675	1.93402	-188.828
1446	qTQFF3F36	66913.02	8839.71	1.7233	116.75	-0.0630422	0.050882	40.2355	-0.00869183	3016.45	-0.68073	0.184485	0.00659082	114.426	-0.0204263	4.72455	0.00467135	2.12647	2.03885	-188.824
1510	qTQDF4F37	69887.36	2906.62	-0.632042	557.87	0.0973463	0.152438	110.548	-0.0508538	9829.35	1.81052	0.243479	0.0043996	112.81	0.0509097	14.0324	-0.00175453	2.23378	2.12366	-191.138
1574	qTQFF3F38	72861.70	9392.71	1.76744	155.196	-0.00913439	0.229199	535.331	0.0973854	3380.99	-0.685042	0.325429	0.00796078	294.041	-0.0297814	10.3637	0.00261752	2.32214	2.21601	-200.924
1636	qTQDF4F39	75838.58	3157.49	-0.639787	189.605	0.0633981	0.302771	126.661	0.000341046	9746.8	1.93721	0.385607	0.0107996	275.837	0.0995381	18.0672	-0.00358453	2.42027	2.29549	-214.436
1700	qTQFF3F42	78810.38	9333.17	1.85512	7.71821	-0.00524723	0.136744	108.796	0.0434105	2936.01	-0.549149	0.44145	0.0122236	579.219	-0.0935425	9.92912	0.00137485	2.50432	2.39535	-233.938
1763	qTQDF4F43	81784.72	2936.13	-0.579683	136.67	0.00673029	0.0738112	9.30894	-0.00710908	8708.33	1.63671	0.265535	0.0102419	383.592	0.0795112	-3.98198	-0.00301385	2.60684	2.48678	-253.591
1826	qTQFF3F44	84759.06	8920.98	1.71583	130.004	-0.0451539	0.121247	177.125	0.0127506	3132.16	-0.728923	0.239871	0.0117188	623.493	-0.13334	-11.5686	-0.00559882	2.69678	2.58969	-270.909
1887	qTQDF4F45	87735.94	2994.3	-0.641129	484.44	0.094243	0.202534	134.154	-0.0398513	10165	1.90262	0.276822	0.014388	299.292	0.0110414	-24.1316	0.00503715	2.80065	2.67039	-284.231
1950	qTQFF3F46	90707.74	9372.7	1.80321	107.727	-0.000402791	0.251117	419.444	0.0919331	3317.23	-0.620219	0.337743	0.0177718	355.827	-0.0982129	-8.40449	0.00253955	2.88660	2.76085	-289.897
2012	qTQDF4F47	93682.08	3039.53	-0.607453	98.633	0.0377844	0.320947	75.2114	0.00746518	9304.29	1.85348	0.399452	0.00787823	124.631	-0.0175012	-11.2844	0.00338716	2.98715	2.84346	-291.981
2370	qTQFA4A13	112146.17	9447.73	1.83519	103.794	0.0102486	0.303985	404.303	0.108589	2931.61	-0.549607	0.335928	0.0255996	230.203	-0.0295494	15.7543	0.00226581	3.48098	3.34974	-308.937
2432	qTQDD1A14	115120.51	2988.5	-0.584067	76.0067	0.0291269	0.322645	33.5911	0.0115876	8757.71	1.66579	0.355364	0.0163258	207.41	0.0760346	14.2417	-0.00564308	3.58105	3.44037	-320.518
2494	qTQFA4A15	118097.39	8895.4	1.70573	40.8145	-0.0309386	0.124181	64.7181	-0.000424374	3065.17	-0.686944	0.200321	0.0173895	450.955	-0.0651385	-1.20905	-0.00479707	3.66963	3.54369	-332.903
2557	qTQDD1A16	121069.19	2994.56	-0.645835	444.045	0.0499215	0.166858	129.274	-0.0622192	9797.52	1.85379	0.173942	0.0192344	331.389	0.0868238	-12.7254	0.00111969	3.77274	3.62646	-344.601
2619	qTQFA4A17	124043.53	9402.64	1.77831	242.446	-0.056663	0.219034	690.431	0.114601	3198.86	-0.609533	0.237236	0.0229053	595.551	-0.111945	-8.04892	-0.000580731	3.85817	3.72031	-355.263
2674	qTQDD1A18	127017.88	3144.64	-0.645457	574.042	0.142993	0.310741	200.691	-0.0127905	9155.46	1.81263	0.314147	0.0069623	300.781	0.0176402	-28.129	0.00358417	3.95679	3.80543	-358.98
2737	qTQFA4A19	129992.22	9405.94	1.82823	44.9926	0.0209498	0.366398	240.721	0.0830754	2908.75	-0.59896	0.401795	0.00960723	375.534	-0.0978121	-17.2751	-0.00190866	4.04106	3.91002	-364.698
2799	qTQDD1A21	132969.10	2985.58	-0.592472	24.8852	-0.00657438	0.126751	4.84898	-0.00675837	9135.15	1.70521	0.1883	0.0103439	146.629	-0.00916826	-20.1053	0.00682864	4.14231	3.99948	-369.26
2863	qTQFA4A22	135940.90	9001.27	1.71328	141.826	-0.0776402	0.117287	290.416	0.0110962	3216.59	-0.695593	0.143824	0.0114731	158.82	-0.0391042	0.778105	0.00701717	4.23090	4.09796	-374.381
2926	qTQDD1A23	138915.24	3042.38	-0.660079	733.897	0.125864	0.215758	225.398	-0.0661021	9852.98	1.90965	0.217774	0.00533678	101.166	0.0296229	15.5374	-0.000378856	4.33420	4.17969	-380.751
2988	qTQFA4A24	141889.58	9570.77	1.81142	207.25	-0.011751	0.290186	683.235	0.151148	3095.22	-0.579624	0.306444	0.00971062	224.356	-0.0235767	16.1981	0.00582697	4.41932	4.27647	-391.339
3051	qTQDD1A25	144866.46	3140.03	-0.619641	245.281	0.0845714	0.364994	90.8641	0.019148	8920.86	1.74606	0.369479	0.0127494	220.973	0.0865419	32.117	-0.00601492	4.51648	4.36390	-403.673
3114	qTQFA4A26	147838.26	9162.52	1.79463	8.05895	-0.00829523	0.166822	24.2746	0.0107106	2940.66	-0.630918	0.328335	0.0139142	492.649	-0.0705144	16.9936	0.00140215	4.60149	4.46874	-419.072
3177	qTQDD1A27	150812.60	2915.96	-0.597909	211.75	0.0116591	0.131281	55.4141	-0.0377325	9412.26	1.75402	0.14735	0.0119909	358.219	0.0911636	5.30552	-0.00573872	4.70537	4.55606	-434.187
3240	qTQFA4A28	153786.94	9068.08	1.69909	184.46	-0.0595121	0.186098	467.642	0.0621287	3251.34	-0.674413	0.208044	0.0145094	632.427	-0.122141	-10.3066	-0.00766801	4.79462	4.65208	-447.807
3303	qTQDD1A29	156763.82	3174.51	-0.684025	626.169	0.129931	0.264138	206.227	-0.0374144	9613.98	1.89807	0.261608	0.0183752	347.587	0.0401446	-28.5652	0.00474556	4.89365	4.73329	-459.123
3367	qTQFA4A32	159735.62	9660.22	1.87821	113.506	0.00790849	0.305434	432.035	0.112207	2944.11	-0.549492	0.331179	0.0220321	481.06	-0.116155	-13.7246	0.000640665	4.97511	4.83273	-466.733
3430	qTQDD1A33	162709.96	3013.56	-0.571374	86.5613	0.0353033	0.35176	38.2215	0.0142828	8773.61	1.67005	0.374853	0.0122368	201.893	-0.00658147	-25.1645	0.00564115	5.07390	4.92347	-472.476
3493	qTQFA4A34	165684.30	8815.12	1.70124	24.631	-0.0231513	0.113458	33.1955	-0.00196718	3068.33	-0.689136	0.202011	0.0131026	217.03	-0.0598744	-8.14299	0.00289767	5.16293	5.02694	-477.118
3556	qTQDD1A35	168661.18	2850.26	-0.616389	375.455	0.0359341	0.157168	109.152	-0.0583555	9958.34	1.8747	0.15531	0.0145525	94.3646	0.00685378	1.08566	0.00310015	5.27056	5.10940	-482.166
3619	qTQFA4A36	171632.98	9223.69	1.6959	234.168	-0.0604322	0.21808	656.5	0.103275	3261.42	-0.614476	0.221707	0.0179275	154.925	-0.0201485	11.5577	0.00730672	5.35972	5.20181	-490.309
3682	qTQDD1A37	174607.32	3261.19	-0.703426	605.106	0.144641	0.312802	203.077	-0.0164418	9208.32	1.83871	0.30139	0.00462946	156.837	0.0669576	26.5303	-0.004379	5.45762	5.28608	-500.262
3745	qTQFA4A38	177581.66	9790.39	1.9206	61.6569	0.0209073	0.375948	260.728	0.0872716	2954.16	-0.608266	0.39311	0.00745186	377.955	-0.0458303	16.0154	0.00240511	5.53862	5.38965	-514.167
3807	qTQDD1A39	180558.54	2976.04	-0.549276	8.22954	-0.00109215	0.204606	2.59389	-0.00274061	9207.74	1.73082	0.212065	0.0082661	314.752	0.0989481	23.0181	-0.00565597	5.63798	5.47815	-528.695
3871	qTQA42	183530.34	8674.66	1.54096	108.402	-0.0657894	0.113242	250.685	0.0022307	3189.37	-0.63665	0.125237	0.00911519	613.982	-0.0974268	8.85593	-0.000985688	5.72885	5.57686	-543.55
4052	qTQA45	192455.90	5573.5	-1.37034	129.694	0.0551865	0.332253	288.334	-0.0375145	7316.43	1.34912	0.415023	0.00239189	443.016	0.095632	-42.1577	0.00731056	5.97059	5.88151	-579.203
4611	qTQB15	222817.17	7761.71	1.4882	28.3229	0.0131941	-0.426717	54.0045	0.0301032	5028.55	-0.636556	-0.434541	-0.0148228	321.719	-0.0275252	32.81	0.00213351	7.51478	7.44446	-640.371
4790	qTQDD1B18	231737.65	3261.67	-0.682845	782.334	0.13498	0.267842	287.149	-0.0481203	8925.14	1.69161	0.22931	-0.0148228	319.984	0.0289756	-15.1487	-0.00203127	7.82338	7.70111	-673.267
4852	qTQFA4B19	234711.99	9806.16	1.90949	220.522	-0.0131228	0.368753	559.688	0.151833	3168.07	-0.723933	0.349481	-0.0148228	424.796	-0.105408	-22.7674	-0.00998573	7.90618	7.80495	-679.889
4916	qTQDD1B21	237688.87	3198.56	-0.631595	265.417	0.0897623	0.493713	31.8546	0.0186544	10116.4	1.91658	0.489791	-0.0148228	181.548	-0.00202756	-48.567	0.00890966	8.00395	7.88783	-683.783
4980	qTQFA4B22	240660.67	9501.52	1.84502	9.09846	-0.00887926	-0.141979	70.8866	-0.00815506	3164.94	-0.588718	-0.0802586	-0.0154691	213.062	-0.0525002	-22.324	0.00106247	8.08905	7.98441	-685.771
5043	qTQDD1B23	243635.01	3042.2	-0.616516	228.168	0.012228	0.105906	134.706	-0.0604592	9080.35	1.7755	0.0769898	-0.0125922	117.435	0.0230499	-24.0695	0.00855436	8.19113	8.07227	-688.524
5106	qTQFA4B24	246609.35	9307.42	1.76336	198.432	-0.0630641	0.221238	654.748	0.114309	3020.32	-0.657963	0.199798	-0.00993923	221.054	-0.0294358	2.03311	0.00910703	8.27942	8.17756	-695.871
5169	qTQDD1B25	249586.23	3150.03	-0.665923	654.045	0.139472	0.332078	175.692	-0.00711882	9697.29	1.81079	0.297038	-0.00584595	198.745	0.0731814	28.0256	-0.000871307	8.38019	8.26404	-706.097
5232	qTQFA4B26	252558.03	9625.3	1.8515	99.3009	0.016589	0.423977	185.725	0.0684549	3308.58	-0.670735	0.402824	-0.00326625	435.121	-0.0616851	28.765	0.0102597	8.46442	8.35928	-722.104
5295	qTQDD1B27	255532.37	3124.82	-0.623265	56.8461	0.0272305	-0.428307	3.53483	-0.00168946	9791.22	1.92871	-0.276337	-0.00822653	324.316	0.0873314	42.5172	-0.0105701	8.56361	8.44107	-739.189
5358	qTQFA4B28	258506.71	9313.28	1.79687	26.8248	-0.0265136	0.0319978	173.198	0.00408455	3033.66	-0.58094	0.0219855	-0.00871881	590.606	-0.109274	14.1921	-0.00354674	8.65025	8.54127	-756.53
5421	qTQDD1B29	261483.59	3060.3	-0.639574	394.749	0.0404438	0.171409	184.019	-0.0646311	9059.03	1.72766	0.134872	-0.00728216	340.767	0.0489179	5.4513	-0.00460509	8.75280	8.63091	-771.46
5485	qTQFA4B32	264455.39	9452.44	1.79267	225.482	-0.0524418	0.266868	673.068	0.135376	3134.79	-0.689615	0.244606	-0.00367377	499.147	-0.113916	-6.82229	-0.00557739	8.83941	8.73324	-781.203
5548	qTQDD1B33	267429.73	3183.31	-0.667702	584.779	0.139013	0.390502	127.866	0.00824348	9983.38	1.88524	0.360922	-0.017513	228.116	0.00471838	-36.5209	0.00334736	8.93976	8.81760	-787.626
5611	qTQFA4B34	270404.07	9696.6	1.86729	59.8312	0.0185148	-0.479866	83.2588	0.0354257	3302	-0.646758	-0.470664	-0.0164088	272.519	-0.0701439	-27.4802	-0.00600033	9.02436	8.91281	-790.128
5674	qTQDD1B35	273380.95	3119.12	-0.620672	35.7411	0.0008836	-0.135273	42.7572	-0.0365487	9564.9	1.89023	-0.0641475	-0.0171798	124.187	0.00866888	-41.2638	0.0107383	9.12443	8.99652	-792.098
5737	qTQFA4B36	276352.75	9335.88	1.79046	125.931	-0.0708403	0.108135	531.493	0.0568163	3020.45	-0.60765	0.0903582	-0.0169406	187.37	-0.0314093	-9.59284	0.00696575	9.21181	9.09928	-796.622
5800	qTQDD1B37	279327.09	3094.98	-0.658546	697.037	0.113526	0.247664	245.183	-0.0482336	9269.27	1.7422	0.21376	-0.0221164	156.506	0.0565016	4.95304	0.00356731	9.31515	9.18953	-803.693
5863	qTQFA4B38	282301.43	9674.79	1.82916	220.183	-0.0201996	0.359178	543.693	0.138376	3257.55	-0.714871	0.338715	-0.0180477	349.953	-0.045327	17.7611	0.0102956	9.40154	9.28999	-817.053
5925	qTQDD1B39	285278.31	3213.18	-0.65048	309.329	0.098558	0.486147	39.1811	0.0181917	10139.8	1.95313	0.478047	-0.0160839	286.396	0.0894167	46.4189	-0.00666363	9.49996	9.37168	-832.531
5989	qTQFA4B42	288250.11	9537.61	1.85467	9.39438	-0.00179207	-0.219955	57.3312	-0.00545938	3211.82	-0.601333	-0.120136	-0.0167209	561.15	-0.0950736	30.6605	0.00584629	9.58478	9.46745	-850.655
6052	qTQDD1B43	291224.45	3042.98	-0.613165	167.32	0.00583463	0.0824012	115.381	-0.0541029	9184.59	1.80645	0.0557304	-0.0133701	353.122	0.06631	28.2962	-0.0109756	9.68669	9.55410	-867.48
6115	qTQFA4B44	294198.79	9284.35	1.75979	171.25	-0.0597054	0.208343	595.554	0.100562	3000.88	-0.641165	0.182376	-0.0111709	558.937	-0.119247	-2.36562	-0.0098134	9.77520	9.65922	-880.424
6176	qTQDD1B45	297175.67	3148.88	-0.669327	622.087	0.126522	0.322416	172.712	-0.0112346	9570.16	1.78555	0.283539	-0.00725423	275.001	0.0162687	-27.4973	0.00176924	9.87629	9.74678	-889.883
6239	qTQFA4B46	300147.47	9541.06	1.83896	118.442	0.00938473	0.416928	204.034	0.0711362	3437.84	-0.728226	0.390945	-0.00452663	344.362	-0.0880577	-22.9143	-0.00579668	9.96108	9.84081	-894.082
6301	qTQDD1B47	303121.81	3111.45	-0.629835	110.851	0.0424233	-0.442968	5.88615	0.000417241	10262.4	2.0365	-0.341845	-0.0103104	145.069	-0.0003993	-47.5476	0.00918016	10.06126	9.91905	-896.49
6619	qTQFA4C13	321585.69	9706.92	1.86271	23.1886	0.0153833	-0.447764	10.0354	0.00434233	3341.01	-0.639816	-0.342672	-0.00831966	205.434	-0.0297576	29.3813	0.00603656	10.55969	10.42696	-922.419
6681	qTQDD1C14	324560.03	3131.55	-0.616076	17.8091	-0.0028717	-0.0359165	46.3571	-0.0305856	9479.29	1.89737	-0.0127004	-0.00690855	179.797	0.0659547	38.0887	-0.0109314	10.65814	10.50965	-931.453
6743	qTQFA4C15	327536.91	9241.51	1.79017	76.859	-0.0409738	0.151995	371.518	0.0504408	2922.13	-0.581169	0.114785	-0.00623916	397.61	-0.0543988	7.44664	-0.00674024	10.74489	10.61399	-939.818
6806	qTQDD1C16	330508.71	3023.21	-0.631849	455.101	0.0732279	0.267511	157.053	-0.0263185	9078.85	1.69034	0.215335	-0.00337615	308.39	0.0887255	-10.2511	-0.00208487	10.84791	10.70501	-947.814
6868	qTQFA4C17	333483.05	9265.55	1.75855	149.612	-0.0142563	0.357852	298.527	0.0825006	3376.61	-0.76315	0.31665	-0.0002091	575.632	-0.103368	-15.8403	-0.0064328	10.93576	10.80257	-956.569
6929	qTQDD1C18	336457.39	3356.81	-0.740811	271.683	0.0766149	0.479271	24.4575	0.00916681	10358.1	2.0287	0.460372	-0.0105896	318.134	0.0351469	-50.6808	0.00673116	11.03341	10.88120	-960.404
6992	qTQFA4C19	339431.73	10244.3	2.00533	11.1	0.00650144	-0.334033	35.4901	-0.00123448	3125	-0.54885	-0.169463	-0.0110777	439.993	-0.105008	-31.3676	-0.00388722	11.11262	10.97680	-968.991
7056	qTQDD1C21	342408.61	3075.34	-0.545175	97.3223	-0.00248971	0.0532573	90.8113	-0.0461087	8791.61	1.72181	0.0322228	-0.0114728	192.729	0.000385272	-38.4367	0.012246	11.20977	11.06675	-977.379
7120	qTQFA4C22	345380.41	8712.51	1.69237	149.045	-0.0608932	0.19056	517.214	0.082991	2991.09	-0.681548	0.162617	-0.00983312	227.828	-0.0567202	-1.46178	0.0114116	11.30069	11.17452	-986.716
7184	qTQDD1C23	348354.75	2985.78	-0.694966	606.587	0.115474	0.331211	146.948	-0.010731	9923.13	1.82099	0.287407	-0.0192248	119.185	0.0195807	23.6089	0.00035143	11.41025	11.26158	-996.317
7248	qTQFA4C24	351329.09	10008.4	1.8336	133.937	0.00223917	0.448459	199.697	0.0630343	3461.02	-0.705234	0.426929	-0.0168052	213.232	-0.0299107	27.2487	0.0104476	11.49650	11.35470	-1007.3
7312	qTQDD1C25	354305.97	3477.66	-0.698921	111.961	0.0435363	-0.398197	14.1759	-0.00607615	9975.85	2.00311	-0.272004	-0.0168463	190.021	0.0700279	55.0135	-0.0103609	11.58881	11.43440	-1018.34
7375	qTQFA4C26	357277.77	9902.78	1.99612	32.1313	-0.027795	-0.0136356	225.222	0.0126087	2965.58	-0.54674	-0.0094054	-0.0178878	418.403	-0.0582895	27.5932	0.000991818	11.66846	11.53578	-1029.95
7439	qTQDD1C27	360252.11	2873.05	-0.526556	326.659	0.036338	0.167584	148.541	-0.0421522	8780.61	1.65808	0.131892	-0.0163669	317.211	0.0879673	16.1979	-0.00977736	11.77198	11.62909	-1040.96
7503	qTQFA4C28	363226.45	8651.32	1.60821	179.019	-0.0411926	0.293679	454.418	0.0984232	3177.06	-0.743687	0.262375	-0.0132694	585.689	-0.106675	-11.6469	-0.0120182	11.86737	11.73373	-1051.3
7567	qTQDD1C29	366203.33	3221.75	-0.762798	415.414	0.105288	0.40506	66.0521	0.0119996	10298.7	1.9503	0.355564	-0.00339947	347.299	0.0546485	-32.6437	0.00526176	11.97078	11.81479	-1060.73
7631	qTQFA4C32	369175.13	10422.6	1.98273	27.0654	0.0162751	0.497047	10.8951	0.00977374	3302.19	-0.602917	0.491729	-0.00253741	520.927	-0.116604	-16.4048	0.000219203	12.05027	11.90680	-1069.62
7695	qTQDD1C33	372149.47	3116.93	-0.532266	2.67354	-0.00151218	-0.0797502	23.2268	-0.0197312	9296.68	1.86115	-0.0150417	-0.00278767	235.635	0.00273668	-30.1931	0.00672231	12.14461	11.99055	-1077.99
7759	qTQFA4C34	375123.81	8566.26	1.69299	55.5074	-0.0339142	0.142784	262.814	0.0303511	2894.18	-0.589682	0.106014	-0.00232372	274.022	-0.0728612	-9.90551	0.00339952	12.23495	12.09598	-1086.61
7823	qTQDD1C35	378100.69	2866.3	-0.661612	389.06	0.0580252	0.258569	134.81	-0.0286122	9138.65	1.6914	0.199473	8.88671e-05	117.286	0.00377246	1.13973	0.0037845	12.34601	12.18686	-1095.3
7886	qTQFA4C36	381072.49	9670.71	1.75308	138.707	-0.0163034	0.342052	310.514	0.0780925	3280.03	-0.721184	0.294616	0.00315137	167.59	-0.0286016	13.8886	0.00882158	12.43397	12.28521	-1105.31
7950	qTQDD1C37	384046.83	3445.27	-0.719488	270.015	0.0744127	0.451907	29.0275	0.0107167	10185.2	1.97171	0.41149	-0.00647954	143.479	0.054314	32.5111	-0.00531181	12.52740	12.36555	-1115.6
8014	qTQFA4C38	387021.17	10043.7	2.01225	11.952	0.00910583	-0.407351	11.8563	-0.000732319	3167.66	-0.577168	-0.220568	-0.00695923	331.791	-0.0403528	18.4038	0.00202812	12.60601	12.46089	-1127.06
8076	qTQDD1C39	389998.05	2915.98	-0.516633	52.8413	-0.00535239	0.0459851	65.698	-0.038464	8985.91	1.7673	0.0232501	-0.00728659	282.72	0.092729	24.0142	-0.00658251	12.70685	12.54866	-1138.3
8140	qTQC42	392969.85	8512.79	1.48804	113.145	-0.0490577	0.187375	428.807	0.0584862	2968.6	-0.608527	0.148483	-0.00616668	567.024	-0.0858742	5.42231	-0.00353229	12.80142	12.65498	-1149.49
8321	qTQC45	401895.41	5984.86	-1.45097	28.187	0.0174089	-0.476314	42.1503	0.00704855	7773.95	1.50432	-0.483036	-0.00690826	475.391	0.112854	-26.6703	0.00626411	13.03600	12.95400	-1182.55
8916	qTQD15	432256.68	7717.69	1.57139	14.4628	-0.0117833	0.0142099	37.5946	0.0202353	4615.27	-0.584349	0.488608	0.00478481	263.457	-0.0223921	17.2046	-0.000671434	14.57745	14.50876	-1254.57
9112	qTQDD1D18	441177.16	3105.88	-0.678363	641.742	0.128417	0.244584	206.09	-0.0462718	9755.84	1.85876	0.265785	0.00982238	302.309	0.0349034	12.3775	-0.00339738	14.89563	14.76170	-1279.31
9175	qTQFA4D19	444151.50	9689.45	1.85138	125.637	0.00733368	0.310376	496.502	0.122043	3174.41	-0.614129	0.347991	0.00982238	424.877	-0.0990291	2.51484	-0.00226181	14.97897	14.85746	-1285.25
9238	qTQDD1D21	447128.38	3107.43	-0.598823	79.7664	0.0358677	0.363784	43.6149	0.0169771	9197.53	1.81009	0.398855	0.00982238	195.722	0.00712183	-3.94163	-0.000848857	15.07627	14.94237	-1289.95
9302	qTQFA4D22	450100.18	9018.91	1.76071	25.3434	-0.0265361	0.0810593	20.0081	-0.00308069	2944.18	-0.603508	0.205079	0.0105387	249.335	-0.0580821	-5.90711	-0.00230277	15.16284	15.04568	-1294.99
9365	qTQDD1D23	453074.52	2919.6	-0.617777	304.112	0.0339212	0.144934	75.1085	-0.0400771	9180.72	1.72229	0.176888	0.00887361	137.984	0.0249606	-19.2109	0.00259891	15.26802	15.13449	-1301.18
9428	qTQFA4D24	456048.86	9247.31	1.7229	165.222	-0.0378554	0.2095	448.14	0.0711697	3193.7	-0.683672	0.251788	0.0117669	245.341	-0.037204	-11.5729	-0.00120378	15.35653	15.23322	-1311.49
9491	qTQDD1D25	459025.74	3186.42	-0.669345	414.427	0.0991502	0.284956	146.04	-0.0150554	9753.98	1.89513	0.305553	0.0152403	199.942	0.0662806	-13.1543	0.00464433	15.45457	15.31483	-1323.55
9554	qTQFA4D26	461997.54	9550.1	1.8657	46.6097	0.0101344	0.3027	223.615	0.0667285	3052.15	-0.569663	0.361686	0.0179087	416.972	-0.0619122	1.9442	0.00582145	15.53670	15.41185	-1338.79
9617	qTQDD1D27	464971.88	2974.19	-0.572155	30.5351	0.00802877	0.248913	14.4387	0.00467985	8910.09	1.72792	0.341227	0.0116041	305.039	0.0805086	5.78919	-0.000394941	15.63696	15.50005	-1353.85
9680	qTQFA4D28	467946.22	8838.37	1.68917	50.5293	-0.0311676	0.116448	75.9081	0.000392844	2989.6	-0.649588	0.193318	0.0125527	553.768	-0.101822	6.90122	0.00323647	15.72659	15.60424	-1367.64
9743	qTQDD1D29	470923.10	3017.7	-0.664226	386.966	0.0529565	0.17819	109.273	-0.0459285	9525.99	1.7887	0.2011	0.0144493	324.994	0.0502954	17.3787	-0.00218454	15.83053	15.69001	-1379.18
9807	qTQFA4D32	473894.90	9564.69	1.8044	167.943	-0.0306841	0.229836	496.445	0.0890299	3219.04	-0.647704	0.266636	0.0178059	488.439	-0.108047	13.639	0.00391265	15.91517	15.78548	-1386.95
9870	qTQDD1D33	476869.24	3164.74	-0.633184	333.105	0.0901722	0.318787	128.114	-0.00331598	9511.25	1.86657	0.339919	0.00592092	234.646	0.0123685	9.16515	-0.00468786	16.01254	15.86869	-1392.77
9933	qTQFA4D34	479843.58	9308.27	1.821	15.4534	0.0114733	0.349904	125.202	0.047613	2989.41	-0.584999	0.416343	0.00779352	299.912	-0.0728427	-3.79806	-0.00499587	16.09714	15.96955	-1397.3
9996	qTQDD1D35	482820.46	2948.27	-0.593839	54.9529	-0.00649836	0.0939742	8.7776	-0.0124632	9006.37	1.71625	0.146796	0.00830067	145.075	0.0136098	-16.376	0.00187531	16.20001	16.05855	-1402.2
10059	qTQFA4D36	485792.27	9035.17	1.70276	135.109	-0.0628516	0.13004	276.392	0.01821	3099.94	-0.674525	0.168047	0.00961872	220.428	-0.039398	-10.8491	-0.00164138	16.28923	16.16021	-1410.27
10123	qTQDD1D37	488766.61	3103.26	-0.676732	570.22	0.107566	0.230344	179.138	-0.0462338	9728.81	1.84952	0.248687	0.00285855	166.538	0.0525743	-21.0803	0.00441898	16.39140	16.24443	-1420.21
10186	qTQFA4D38	491740.95	9704.28	1.85012	128.829	0.00182251	0.304026	480.619	0.113059	3192.82	-0.625151	0.337967	0.00657366	348.239	-0.0489588	-7.52085	0.00210616	16.47520	16.34051	-1434.26
10248	qTQDD1D39	494717.83	3123.06	-0.602593	102.474	0.0425382	0.370812	48.1991	0.0164412	9287.55	1.8293	0.394901	0.00871989	272.843	0.0811328	0.188496	0.00310623	16.57232	16.42489	-1449.02
10312	qTQFA4D42	497689.63	9050.58	1.77018	16.0491	-0.0195241	0.0867984	13.4823	-0.00104547	2949.86	-0.595946	0.229053	0.00944614	525.532	-0.0897278	11.8465	0.00816406	16.65858	16.52762	-1464.14
10375	qTQDD1D43	500663.97	2917.1	-0.613988	246.462	0.0240146	0.139045	62.0558	-0.035416	9123.56	1.71624	0.166007	0.00803399	332.599	0.0642055	18.2826	-0.00408124	16.76369	16.61672	-1477.54
10438	qTQFA4D44	503638.31	9221.24	1.71782	151.806	-0.0388071	0.202791	404.575	0.0614721	3175.46	-0.685192	0.240614	0.0106606	534.12	-0.111486	8.67763	0.000457418	16.85248	16.71625	-1487.47
10499	qTQDD1D45	506615.19	3186.89	-0.673336	417.143	0.0956414	0.279723	142.531	-0.0176669	9777.63	1.89084	0.295336	0.014054	273.2	0.022942	11.1892	-0.0027875	16.95080	16.79812	-1495.02
10562	qTQFA4D46	509586.99	9589.08	1.87043	54.6128	0.00947	0.306843	237.663	0.0684143	3083.36	-0.577497	0.354516	0.0168172	364.811	-0.0876448	4.67385	-7.51225e-05	17.03285	16.89457	-1499.93
10625	qTQDD1D47	512563.87	2993.39	-0.574944	31.3711	0.0118682	0.295536	15.9667	0.00661562	8964.52	1.74591	0.358357	0.0100354	167.399	0.0076682	-6.61368	-0.00132938	17.13288	16.98213	-1504.34
11011	qTQFE1E13	531025.21	9418.18	1.8374	7.93303	-0.00400515	0.189812	36.3702	0.0148719	2949.43	-0.606999	0.358724	0.0114186	149.078	-0.0216118	3.58931	0.00560319	17.63119	17.49089	-1533.95
11073	qTQDE2E14	534002.09	2970.11	-0.608556	104.091	0.00714785	0.131707	21.4531	-0.0148458	9214.76	1.79617	0.18621	0.00913851	146.386	0.06291	14.5515	-0.00144906	17.73287	17.57934	-1539.18
11135	qTQFE1E15	536976.43	9134.67	1.7235	89.3737	-0.0298254	0.165867	208.745	0.024318	3002.47	-0.619104	0.222886	0.0108403	358.114	-0.0416568	12.1283	0.00362168	17.82107	17.68159	-1543.86
11198	qTQDE2E16	539948.23	3113.92	-0.681341	324.167	0.0664507	0.2348	109.338	-0.0257178	9266.22	1.8242	0.267996	0.013425	306.692	0.102211	22.7135	-0.00442819	17.92106	17.76850	-1549.32
11259	qTQE17	542922.57	9690.71	1.85383	64.8786	0.000885053	0.262923	284.029	0.066052	2935.88	-0.589061	0.333515	0.0161881	615.484	-0.103027	12.4007	0.00152481	18.00383	17.87103	-1558.54
11314	qTQDE2E18	545896.91	3123.5	-0.627455	62.5869	0.0228561	0.301298	44.2287	0.00561602	9083.48	1.77405	0.38493	0.00865889	349.91	0.04567	-1.31948	-0.00413522	18.10090	17.96043	-1563.44
11375	qTQE19	548871.25	9263.06	1.8054	14.9273	-0.0121675	0.100754	26.8503	0.00902088	2972.95	-0.628125	0.357955	0.00955509	498.679	-0.117535	-12.5985	-0.00718929	18.18614	18.06413	-1576
11437	qTQDE2E21	551848.13	2964.06	-0.623224	208.31	0.0207982	0.121613	36.836	-0.0248238	9358.26	1.82596	0.188384	0.0104128	215.899	-0.00154664	-29.9626	0.00562664	18.28879	18.15132	-1588.39
11501	qTQFE1E22	554819.93	9262.05	1.73894	130.457	-0.0346627	0.172835	315.421	0.0409631	3004.19	-0.602194	0.243159	0.0126591	243.911	-0.0652649	-13.2757	0.00111709	18.37627	18.25224	-1600.48
11565	qTQDE2E23	557794.27	3152.37	-0.687049	313.286	0.0793852	0.26725	133.748	-0.0226362	9176.69	1.80778	0.324736	0.00377312	109.654	0.00906078	-16.4296	0.00530728	18.47597	18.34061	-1611.4
11628	qTQFE1E24	560768.61	9773.02	1.87531	22.7332	0.0113569	0.316286	254.975	0.0709507	2943.64	-0.608983	0.417115	0.00605324	175.126	-0.0259403	-0.179416	0.00523127	18.55869	18.44476	-1620.82
11691	qTQDE2E25	563745.49	3101.87	-0.612099	20.171	-0.00404356	0.0755082	8.70315	0.00788047	9218.71	1.79419	0.43391	0.00662447	160.665	0.064062	15.0272	-4.87833e-05	18.65602	18.53350	-1629.13
11754	qTQE26	566717.29	9147.6	1.80932	87.3248	-0.0465834	0.073665	64.6951	-0.00470581	3013.52	-0.63627	0.179617	0.00724754	374.565	-0.0485762	17.1599	0.00682549	18.74232	18.63570	-1636.91
11817	qTQDE2E27	569691.63	2864.87	-0.610997	400.235	0.0749216	0.172441	94.8988	-0.0378423	9441.31	1.8485	0.245357	0.00416678	301.574	0.0937121	23.9765	-0.00633352	18.84844	18.72247	-1644.53
11880	qTQE28	572665.97	9227.78	1.75431	100.808	-0.0036094	0.239131	395.701	0.0776683	2996.43	-0.611127	0.327528	0.010089	587.269	-0.104552	10.5715	-1.61547e-05	18.93814	18.82346	-1653.4
11943	qTQDE2E29	575642.85	3084.11	-0.662583	115.818	0.0397027	0.292554	78.5907	0.00336097	9197.19	1.81412	0.381424	0.0123142	352.304	0.0598766	11.8899	-0.00347257	19.03847	18.91097	-1662.8
12007	qTQFE1E32	578614.65	9537.97	1.82202	15.5629	-0.0114816	0.113949	63.5308	0.0232756	2924.71	-0.59449	0.400225	0.0135404	540.184	-0.118521	3.81737	-0.000670405	19.12250	19.01432	-1673.98
12071	qTQDE2E33	581588.99	3080.67	-0.628192	150.01	0.0159541	0.10479	19.0742	-0.0108979	9129.27	1.77624	0.262784	0.011248	257.155	0.0124337	-14.2047	-0.00067035	19.22090	19.10343	-1685.43
12134	qTQFE1E34	584563.33	9273.92	1.78505	95.647	-0.0270906	0.137494	174.055	0.0192939	2992.35	-0.624609	0.269748	0.0129492	320.822	-0.0812165	-16.0611	-0.00556183	19.30649	19.20608	-1697.72
12196	qTQDE2E35	587540.21	3021.68	-0.63636	302.968	0.0653422	0.20191	99.3944	-0.0260195	9301.95	1.82834	0.300546	0.0152401	140.819	0.0052443	-29.2731	0.00670054	19.40741	19.29285	-1709.42
12259	qTQFE1E36	590512.01	9323.62	1.77245	56.2041	0.000675375	0.219332	286.104	0.0630802	2945.42	-0.586055	0.359132	0.0178106	193.304	-0.037452	-9.45548	0.00329721	19.49314	19.39464	-1720.35
12323	qTQDE2E37	593486.35	3088.8	-0.654381	52.2778	0.0175165	0.230566	57.5442	0.00188677	9075.62	1.77673	0.40695	0.0108141	143.691	0.0473042	-5.28852	0.00369732	19.59274	19.48375	-1730.18
12386	qTQFE1E38	596460.69	9487.13	1.81681	25.9679	-0.0172544	0.0659413	53.0503	0.017653	2954.27	-0.619343	0.415796	0.0117281	312.584	-0.0401225	7.04344	0.0065346	19.67718	19.58762	-1738.96
12447	qTQDE2E39	599437.57	3074.77	-0.631488	250.983	0.0304905	0.0968417	27.1912	-0.0183921	9277.8	1.80926	0.246528	0.0124496	262.91	0.0877481	25.8815	-0.00272865	19.77606	19.67532	-1747.09
12511	qTQFE1E42	602409.37	9289.55	1.78445	132.002	-0.0307638	0.143685	259.851	0.0306613	2993.94	-0.606323	0.277027	0.0145515	534.75	-0.0861305	20.9387	0.00597072	19.86145	19.77670	-1755.53
12574	qTQDE2E43	605383.71	3024.55	-0.641533	268.307	0.0729445	0.232556	132.545	-0.0281461	9215.21	1.81152	0.349676	0.00657761	353.677	0.0774173	20.3864	-0.00751502	19.96305	19.86474	-1764.17
12636	qTQFE1E44	608358.05	9416.29	1.78209	14.2423	0.00829283	0.24848	298.676	0.0767203	2951.14	-0.604719	0.43623	0.00868129	590.208	-0.119764	0.185941	-0.00564861	20.04918	19.96815	-1774.45
12697	qTQDE2E45	611334.93	3133.81	-0.659803	52.1289	-0.00312938	0.0376183	19.2445	0.00992412	9166.08	1.79132	0.463824	0.00907618	306.977	0.0292786	-13.4327	0.000784715	20.14775	20.05679	-1785.17
12760	qTQFE1E46	614306.73	9526.15	1.83519	106.605	-0.0486363	0.0553738	39.6153	-0.00368735	2979.96	-0.617878	0.250598	0.00967094	413.49	-0.100454	-10.2777	-0.00195924	20.23145	20.15969	-1797.27
12822	qTQE47	617281.07	3023.41	-0.60328	401.138	0.0800784	0.142324	82.7184	-0.0368544	9302.28	1.78061	0.282736	0.00702348	179.318	0.000603923	-27.1774	0.00447	20.33152	20.24744	-1809.16
