  0.0000E+00  7.0799E-04
  1.2795E-01  7.6055E-04
  2.5591E-01  8.1627E-04
  3.8386E-01  8.7540E-04
  5.1181E-01  9.3817E-04
  6.3977E-01  1.0042E-03
  7.6772E-01  1.0746E-03
  8.9567E-01  1.1522E-03
  1.0236E+00  1.2391E-03
  1.1516E+00  1.3327E-03
  1.2795E+00  1.4317E-03
  1.4075E+00  1.5366E-03
  1.5354E+00  1.6460E-03
  1.6634E+00  1.7630E-03
  1.7913E+00  1.8921E-03
  1.9193E+00  2.0341E-03
  2.0472E+00  2.1866E-03
  2.1752E+00  2.3490E-03
  2.3032E+00  2.5211E-03
  2.4311E+00  2.7012E-03
  2.5591E+00  2.8939E-03
  2.6870E+00  3.1026E-03
  2.8150E+00  3.3288E-03
  2.9429E+00  3.5754E-03
  3.0709E+00  3.8422E-03
  3.1988E+00  4.1270E-03
  3.3268E+00  4.4291E-03
  3.4547E+00  4.7499E-03
  3.5827E+00  5.0883E-03
  3.7106E+00  5.4523E-03
  3.8386E+00  5.8501E-03
  3.9665E+00  6.2809E-03
  4.0945E+00  6.7457E-03
  4.2224E+00  7.2445E-03
  4.3504E+00  7.7766E-03
  4.4784E+00  8.3424E-03
  4.6063E+00  8.9426E-03
  4.7343E+00  9.5734E-03
  4.8622E+00  1.0257E-02
  4.9902E+00  1.1021E-02
  5.1181E+00  1.1849E-02
  5.2461E+00  1.2729E-02
  5.3740E+00  1.3662E-02
  5.5020E+00  1.4647E-02
  5.6299E+00  1.5690E-02
  5.7579E+00  1.6810E-02
  5.8858E+00  1.8025E-02
  6.0138E+00  1.9340E-02
  6.1417E+00  2.0776E-02
  6.2697E+00  2.2318E-02
  6.3977E+00  2.3952E-02
  6.5256E+00  2.5682E-02
  6.6536E+00  2.7501E-02
  6.7815E+00  2.9426E-02
  6.9095E+00  3.1526E-02
  7.0374E+00  3.3858E-02
  7.1654E+00  3.6374E-02
  7.2933E+00  3.9057E-02
  7.4213E+00  4.1908E-02
  7.5492E+00  4.4906E-02
  7.6772E+00  4.8083E-02
  7.8051E+00  5.1473E-02
  7.9331E+00  5.5112E-02
  8.0610E+00  5.9064E-02
  8.1890E+00  6.3386E-02
  8.3169E+00  6.8006E-02
  8.4449E+00  7.2873E-02
  8.5729E+00  7.8018E-02
  8.7008E+00  8.3408E-02
  8.8288E+00  8.9139E-02
  8.9567E+00  9.5366E-02
  9.0847E+00  1.0213E-01
  9.2126E+00  1.0936E-01
  9.3406E+00  1.1704E-01
  9.4685E+00  1.2516E-01
  9.5965E+00  1.3368E-01
  9.7244E+00  1.4268E-01
  9.8524E+00  1.5214E-01
  9.9803E+00  1.6220E-01
  1.0108E+01  1.7306E-01
  1.0236E+01  1.8471E-01
  1.0364E+01  1.9695E-01
  1.0492E+01  2.0970E-01
  1.0620E+01  2.2299E-01
  1.0748E+01  2.3678E-01
  1.0876E+01  2.5123E-01
  1.1004E+01  2.6652E-01
  1.1132E+01  2.8257E-01
  1.1260E+01  2.9934E-01
  1.1388E+01  3.1676E-01
  1.1516E+01  3.3473E-01
  1.1644E+01  3.5316E-01
  1.1772E+01  3.7213E-01
  1.1900E+01  3.9165E-01
  1.2028E+01  4.1164E-01
  1.2156E+01  4.3199E-01
  1.2283E+01  4.5269E-01
  1.2411E+01  4.7373E-01
  1.2539E+01  4.9504E-01
  1.2667E+01  5.1646E-01
  1.2795E+01  5.3789E-01
  1.2923E+01  5.5932E-01
  1.3051E+01  5.8070E-01
  1.3179E+01  6.0194E-01
  1.3307E+01  6.2299E-01
  1.3435E+01  6.4377E-01
  1.3563E+01  6.6419E-01
  1.3691E+01  6.8423E-01
  1.3819E+01  7.0388E-01
  1.3947E+01  7.2312E-01
  1.4075E+01  7.4180E-01
  1.4203E+01  7.5983E-01
  1.4331E+01  7.7726E-01
  1.4459E+01  7.9414E-01
  1.4587E+01  8.1045E-01
  1.4715E+01  8.2626E-01
  1.4843E+01  8.4146E-01
  1.4971E+01  8.5584E-01
  1.5098E+01  8.6932E-01
  1.5226E+01  8.8206E-01
  1.5354E+01  8.9414E-01
  1.5482E+01  9.0558E-01
  1.5610E+01  9.1645E-01
  1.5738E+01  9.2673E-01
  1.5866E+01  9.3648E-01
  1.5994E+01  9.4558E-01
  1.6122E+01  9.5376E-01
  1.6250E+01  9.6098E-01
  1.6378E+01  9.6753E-01
  1.6506E+01  9.7361E-01
  1.6634E+01  9.7912E-01
  1.6762E+01  9.8409E-01
  1.6890E+01  9.8847E-01
  1.7018E+01  9.9225E-01
  1.7146E+01  9.9535E-01
  1.7274E+01  9.9763E-01
  1.7402E+01  9.9909E-01
  1.7530E+01  9.9992E-01
  1.7658E+01  1.0002E+00
  1.7785E+01  1.0000E+00
  1.7913E+01  9.9931E-01
  1.8041E+01  9.9795E-01
  1.8169E+01  9.9574E-01
  1.8297E+01  9.9272E-01
  1.8425E+01  9.8893E-01
  1.8553E+01  9.8443E-01
  1.8681E+01  9.7931E-01
  1.8809E+01  9.7364E-01
  1.8937E+01  9.6728E-01
  1.9065E+01  9.6020E-01
  1.9193E+01  9.5223E-01
  1.9321E+01  9.4311E-01
  1.9449E+01  9.3301E-01
  1.9577E+01  9.2217E-01
  1.9705E+01  9.1064E-01
  1.9833E+01  8.9843E-01
  1.9961E+01  8.8555E-01
  2.0089E+01  8.7146E-01
  2.0217E+01  8.5554E-01
  2.0345E+01  8.3838E-01
  2.0472E+01  8.2039E-01
  2.0600E+01  8.0150E-01
  2.0728E+01  7.8176E-01
  2.0856E+01  7.6099E-01
  2.0984E+01  7.3878E-01
  2.1112E+01  7.1488E-01
  2.1240E+01  6.8954E-01
  2.1368E+01  6.6279E-01
  2.1496E+01  6.3476E-01
  2.1624E+01  6.0568E-01
  2.1752E+01  5.7533E-01
  2.1880E+01  5.4338E-01
  2.2008E+01  5.0990E-01
  2.2136E+01  4.7521E-01
  2.2264E+01  4.3944E-01
  2.2392E+01  4.0240E-01
  2.2520E+01  3.6393E-01
  2.2648E+01  3.2432E-01
  2.2776E+01  2.8374E-01
  2.2904E+01  2.4229E-01
  2.3032E+01  2.0004E-01
  2.3159E+01  1.5715E-01
  2.3287E+01  1.1377E-01
  2.3415E+01  7.0075E-02
  2.3543E+01  2.6173E-02
  2.3671E+01 -1.7803E-02
  2.3799E+01 -6.1673E-02
  2.3927E+01 -1.0527E-01
  2.4055E+01 -1.4843E-01
  2.4183E+01 -1.9102E-01
  2.4311E+01 -2.3288E-01
  2.4439E+01 -2.7390E-01
  2.4567E+01 -3.1397E-01
  2.4695E+01 -3.5300E-01
  2.4823E+01 -3.9090E-01
  2.4951E+01 -4.2758E-01
  2.5079E+01 -4.6290E-01
  2.5207E+01 -4.9691E-01
  2.5335E+01 -5.2968E-01
  2.5463E+01 -5.6116E-01
  2.5591E+01 -5.9132E-01
  2.5719E+01 -6.2010E-01
  2.5847E+01 -6.4734E-01
  2.5974E+01 -6.7291E-01
  2.6102E+01 -6.9714E-01
  2.6230E+01 -7.2036E-01
  2.6358E+01 -7.4246E-01
  2.6486E+01 -7.6353E-01
  2.6614E+01 -7.8339E-01
  2.6742E+01 -8.0158E-01
  2.6870E+01 -8.1815E-01
  2.6998E+01 -8.3369E-01
  2.7126E+01 -8.4854E-01
  2.7254E+01 -8.6255E-01
  2.7382E+01 -8.7585E-01
  2.7510E+01 -8.8815E-01
  2.7638E+01 -8.9908E-01
  2.7766E+01 -9.0887E-01
  2.7894E+01 -9.1784E-01
  2.8022E+01 -9.2609E-01
  2.8150E+01 -9.3366E-01
  2.8278E+01 -9.4059E-01
  2.8406E+01 -9.4674E-01
  2.8534E+01 -9.5197E-01
  2.8661E+01 -9.5635E-01
  2.8789E+01 -9.5981E-01
  2.8917E+01 -9.6250E-01
  2.9045E+01 -9.6460E-01
  2.9173E+01 -9.6616E-01
  2.9301E+01 -9.6711E-01
  2.9429E+01 -9.6744E-01
  2.9557E+01 -9.6692E-01
  2.9685E+01 -9.6525E-01
  2.9813E+01 -9.6279E-01
  2.9941E+01 -9.5979E-01
  3.0069E+01 -9.5621E-01
  3.0197E+01 -9.5212E-01
  3.0325E+01 -9.4738E-01
  3.0453E+01 -9.4165E-01
  3.0581E+01 -9.3477E-01
  3.0709E+01 -9.2701E-01
  3.0837E+01 -9.1854E-01
  3.0965E+01 -9.0933E-01
  3.1093E+01 -8.9950E-01
  3.1221E+01 -8.8886E-01
  3.1348E+01 -8.7721E-01
  3.1476E+01 -8.6448E-01
  3.1604E+01 -8.5057E-01
  3.1732E+01 -8.3545E-01
  3.1860E+01 -8.1934E-01
  3.1988E+01 -8.0245E-01
  3.2116E+01 -7.8459E-01
  3.2244E+01 -7.6584E-01
  3.2372E+01 -7.4583E-01
  3.2500E+01 -7.2399E-01
  3.2628E+01 -7.0049E-01
  3.2756E+01 -6.7584E-01
  3.2884E+01 -6.5022E-01
  3.3012E+01 -6.2332E-01
  3.3140E+01 -5.9498E-01
  3.3268E+01 -5.6531E-01
  3.3396E+01 -5.3440E-01
  3.3524E+01 -5.0218E-01
  3.3652E+01 -4.6854E-01
  3.3780E+01 -4.3357E-01
  3.3908E+01 -3.9740E-01
  3.4035E+01 -3.6011E-01
  3.4163E+01 -3.2172E-01
  3.4291E+01 -2.8226E-01
  3.4419E+01 -2.4189E-01
  3.4547E+01 -2.0073E-01
  3.4675E+01 -1.5890E-01
  3.4803E+01 -1.1653E-01
  3.4931E+01 -7.3773E-02
  3.5059E+01 -3.0786E-02
  3.5187E+01  1.2276E-02
  3.5315E+01  5.5267E-02
  3.5443E+01  9.8037E-02
  3.5571E+01  1.4045E-01
  3.5699E+01  1.8237E-01
  3.5827E+01  2.2364E-01
  3.5955E+01  2.6411E-01
  3.6083E+01  3.0365E-01
  3.6211E+01  3.4205E-01
  3.6339E+01  3.7926E-01
  3.6467E+01  4.1537E-01
  3.6595E+01  4.5043E-01
  3.6723E+01  4.8418E-01
  3.6850E+01  5.1633E-01
  3.6978E+01  5.4712E-01
  3.7106E+01  5.7671E-01
  3.7234E+01  6.0501E-01
  3.7362E+01  6.3190E-01
  3.7490E+01  6.5740E-01
  3.7618E+01  6.8178E-01
  3.7746E+01  7.0517E-01
  3.7874E+01  7.2723E-01
  3.8002E+01  7.4759E-01
  3.8130E+01  7.6661E-01
  3.8258E+01  7.8446E-01
  3.8386E+01  8.0125E-01
  3.8514E+01  8.1716E-01
  3.8642E+01  8.3219E-01
  3.8770E+01  8.4625E-01
  3.8898E+01  8.5928E-01
  3.9026E+01  8.7121E-01
  3.9154E+01  8.8184E-01
  3.9282E+01  8.9154E-01
  3.9410E+01  9.0063E-01
  3.9537E+01  9.0907E-01
  3.9665E+01  9.1692E-01
  3.9793E+01  9.2404E-01
  3.9921E+01  9.3009E-01
  4.0049E+01  9.3492E-01
  4.0177E+01  9.3897E-01
  4.0305E+01  9.4256E-01
  4.0433E+01  9.4555E-01
  4.0561E+01  9.4802E-01
  4.0689E+01  9.4982E-01
  4.0817E+01  9.5073E-01
  4.0945E+01  9.5076E-01
  4.1073E+01  9.5003E-01
  4.1201E+01  9.4858E-01
  4.1329E+01  9.4651E-01
  4.1457E+01  9.4392E-01
  4.1585E+01  9.4069E-01
  4.1713E+01  9.3674E-01
  4.1841E+01  9.3198E-01
  4.1969E+01  9.2620E-01
  4.2097E+01  9.1949E-01
  4.2224E+01  9.1208E-01
  4.2352E+01  9.0407E-01
  4.2480E+01  8.9543E-01
  4.2608E+01  8.8623E-01
  4.2736E+01  8.7605E-01
  4.2864E+01  8.6427E-01
  4.2992E+01  8.5136E-01
  4.3120E+01  8.3767E-01
  4.3248E+01  8.2320E-01
  4.3376E+01  8.0793E-01
  4.3504E+01  7.9178E-01
  4.3632E+01  7.7442E-01
  4.3760E+01  7.5556E-01
  4.3888E+01  7.3541E-01
  4.4016E+01  7.1397E-01
  4.4144E+01  6.9133E-01
  4.4272E+01  6.6771E-01
  4.4400E+01  6.4294E-01
  4.4528E+01  6.1672E-01
  4.4656E+01  5.8900E-01
  4.4784E+01  5.5997E-01
  4.4912E+01  5.2975E-01
  4.5039E+01  4.9822E-01
  4.5167E+01  4.6529E-01
  4.5295E+01  4.3109E-01
  4.5423E+01  3.9572E-01
  4.5551E+01  3.5921E-01
  4.5679E+01  3.2154E-01
  4.5807E+01  2.8277E-01
  4.5935E+01  2.4306E-01
  4.6063E+01  2.0252E-01
  4.6191E+01  1.6131E-01
  4.6319E+01  1.1956E-01
  4.6447E+01  7.7429E-02
  4.6575E+01  3.5049E-02
  4.6703E+01 -7.4232E-03
  4.6831E+01 -4.9828E-02
  4.6959E+01 -9.2028E-02
  4.7087E+01 -1.3391E-01
  4.7215E+01 -1.7535E-01
  4.7343E+01 -2.1614E-01
  4.7471E+01 -2.5603E-01
  4.7599E+01 -2.9506E-01
  4.7726E+01 -3.3320E-01
  4.7854E+01 -3.7031E-01
  4.7982E+01 -4.0619E-01
  4.8110E+01 -4.4080E-01
  4.8238E+01 -4.7419E-01
  4.8366E+01 -5.0637E-01
  4.8494E+01 -5.3725E-01
  4.8622E+01 -5.6669E-01
  4.8750E+01 -5.9482E-01
  4.8878E+01 -6.2171E-01
  4.9006E+01 -6.4737E-01
  4.9134E+01 -6.7194E-01
  4.9262E+01 -6.9528E-01
  4.9390E+01 -7.1695E-01
  4.9518E+01 -7.3682E-01
  4.9646E+01 -7.5550E-01
  4.9774E+01 -7.7346E-01
  4.9902E+01 -7.9052E-01
  5.0030E+01 -8.0680E-01
  5.0158E+01 -8.2204E-01
  5.0286E+01 -8.3584E-01
  5.0413E+01 -8.4832E-01
  5.0541E+01 -8.5989E-01
  5.0669E+01 -8.7070E-01
  5.0797E+01 -8.8078E-01
  5.0925E+01 -8.9021E-01
  5.1053E+01 -8.9883E-01
  5.1181E+01 -9.0651E-01
  5.1309E+01 -9.1328E-01
  5.1437E+01 -9.1912E-01
  5.1565E+01 -9.2413E-01
  5.1693E+01 -9.2853E-01
  5.1821E+01 -9.3238E-01
  5.1949E+01 -9.3562E-01
  5.2077E+01 -9.3824E-01
  5.2205E+01 -9.4006E-01
  5.2333E+01 -9.4078E-01
  5.2461E+01 -9.4069E-01
  5.2589E+01 -9.4007E-01
  5.2717E+01 -9.3893E-01
  5.2845E+01 -9.3727E-01
  5.2973E+01 -9.3504E-01
  5.3100E+01 -9.3195E-01
  5.3228E+01 -9.2777E-01
  5.3356E+01 -9.2278E-01
  5.3484E+01 -9.1713E-01
  5.3612E+01 -9.1081E-01
  5.3740E+01 -9.0391E-01
  5.3868E+01 -8.9632E-01
  5.3996E+01 -8.8784E-01
  5.4124E+01 -8.7841E-01
  5.4252E+01 -8.6796E-01
  5.4380E+01 -8.5645E-01
  5.4508E+01 -8.4405E-01
  5.4636E+01 -8.3098E-01
  5.4764E+01 -8.1705E-01
  5.4892E+01 -8.0233E-01
  5.5020E+01 -7.8654E-01
  5.5148E+01 -7.6920E-01
  5.5276E+01 -7.5033E-01
  5.5404E+01 -7.3036E-01
  5.5532E+01 -7.0955E-01
  5.5660E+01 -6.8770E-01
  5.5788E+01 -6.6485E-01
  5.5915E+01 -6.4069E-01
  5.6043E+01 -6.1481E-01
  5.6171E+01 -5.8738E-01
  5.6299E+01 -5.5859E-01
  5.6427E+01 -5.2853E-01
  5.6555E+01 -4.9733E-01
  5.6683E+01 -4.6507E-01
  5.6811E+01 -4.3153E-01
  5.6939E+01 -3.9647E-01
  5.7067E+01 -3.6022E-01
  5.7195E+01 -3.2303E-01
  5.7323E+01 -2.8488E-01
  5.7451E+01 -2.4570E-01
  5.7579E+01 -2.0561E-01
  5.7707E+01 -1.6485E-01
  5.7835E+01 -1.2357E-01
  5.7963E+01 -8.1863E-02
  5.8091E+01 -3.9820E-02
  5.8219E+01  2.3664E-03
  5.8347E+01  4.4528E-02
  5.8475E+01  8.6518E-02
  5.8602E+01  1.2817E-01
  5.8730E+01  1.6936E-01
  5.8858E+01  2.1001E-01
  5.8986E+01  2.5000E-01
  5.9114E+01  2.8914E-01
  5.9242E+01  3.2721E-01
  5.9370E+01  3.6421E-01
  5.9498E+01  4.0003E-01
  5.9626E+01  4.3467E-01
  5.9754E+01  4.6813E-01
  5.9882E+01  5.0036E-01
  6.0010E+01  5.3122E-01
  6.0138E+01  5.6071E-01
  6.0266E+01  5.8900E-01
  6.0394E+01  6.1627E-01
  6.0522E+01  6.4218E-01
  6.0650E+01  6.6636E-01
  6.0778E+01  6.8908E-01
  6.0906E+01  7.1049E-01
  6.1034E+01  7.3073E-01
  6.1162E+01  7.5001E-01
  6.1289E+01  7.6840E-01
  6.1417E+01  7.8576E-01
  6.1545E+01  8.0200E-01
  6.1673E+01  8.1706E-01
  6.1801E+01  8.3066E-01
  6.1929E+01  8.4320E-01
  6.2057E+01  8.5504E-01
  6.2185E+01  8.6619E-01
  6.2313E+01  8.7667E-01
  6.2441E+01  8.8642E-01
  6.2569E+01  8.9508E-01
  6.2697E+01  9.0238E-01
  6.2825E+01  9.0880E-01
  6.2953E+01  9.1475E-01
  6.3081E+01  9.2010E-01
  6.3209E+01  9.2490E-01
  6.3337E+01  9.2903E-01
  6.3465E+01  9.3228E-01
  6.3593E+01  9.3461E-01
  6.3721E+01  9.3617E-01
  6.3849E+01  9.3705E-01
  6.3977E+01  9.3729E-01
  6.4104E+01  9.3705E-01
  6.4232E+01  9.3617E-01
  6.4360E+01  9.3461E-01
  6.4488E+01  9.3228E-01
  6.4616E+01  9.2903E-01
  6.4744E+01  9.2490E-01
  6.4872E+01  9.2010E-01
  6.5000E+01  9.1475E-01
  6.5128E+01  9.0880E-01
  6.5256E+01  9.0238E-01
  6.5384E+01  8.9508E-01
  6.5512E+01  8.8642E-01
  6.5640E+01  8.7667E-01
  6.5768E+01  8.6619E-01
  6.5896E+01  8.5504E-01
  6.6024E+01  8.4320E-01
  6.6152E+01  8.3065E-01
  6.6280E+01  8.1706E-01
  6.6408E+01  8.0207E-01
  6.6536E+01  7.8588E-01
  6.6664E+01  7.6850E-01
  6.6791E+01  7.5004E-01
  6.6919E+01  7.3072E-01
  6.7047E+01  7.1048E-01
  6.7175E+01  6.8908E-01
  6.7303E+01  6.6636E-01
  6.7431E+01  6.4218E-01
  6.7559E+01  6.1627E-01
  6.7687E+01  5.8900E-01
  6.7815E+01  5.6071E-01
  6.7943E+01  5.3122E-01
  6.8071E+01  5.0036E-01
  6.8199E+01  4.6813E-01
  6.8327E+01  4.3467E-01
  6.8455E+01  4.0003E-01
  6.8583E+01  3.6420E-01
  6.8711E+01  3.2719E-01
  6.8839E+01  2.8913E-01
  6.8967E+01  2.5014E-01
  6.9095E+01  2.1029E-01
  6.9223E+01  1.6961E-01
  6.9351E+01  1.2826E-01
  6.9478E+01  8.6504E-02
  6.9606E+01  4.4511E-02
  6.9734E+01  2.3664E-03
  6.9862E+01 -3.9820E-02
  6.9990E+01 -8.1863E-02
  7.0118E+01 -1.2357E-01
  7.0246E+01 -1.6485E-01
  7.0374E+01 -2.0561E-01
  7.0502E+01 -2.4570E-01
  7.0630E+01 -2.8488E-01
  7.0758E+01 -3.2303E-01
  7.0886E+01 -3.6022E-01
  7.1014E+01 -3.9647E-01
  7.1142E+01 -4.3153E-01
  7.1270E+01 -4.6508E-01
  7.1398E+01 -4.9734E-01
  7.1526E+01 -5.2845E-01
  7.1654E+01 -5.5840E-01
  7.1782E+01 -5.8719E-01
  7.1910E+01 -6.1472E-01
  7.2038E+01 -6.4070E-01
  7.2165E+01 -6.6486E-01
  7.2293E+01 -6.8770E-01
  7.2421E+01 -7.0955E-01
  7.2549E+01 -7.3036E-01
  7.2677E+01 -7.5033E-01
  7.2805E+01 -7.6920E-01
  7.2933E+01 -7.8654E-01
  7.3061E+01 -8.0233E-01
  7.3189E+01 -8.1705E-01
  7.3317E+01 -8.3098E-01
  7.3445E+01 -8.4405E-01
  7.3573E+01 -8.5645E-01
  7.3701E+01 -8.6796E-01
  7.3829E+01 -8.7841E-01
  7.3957E+01 -8.8784E-01
  7.4085E+01 -8.9630E-01
  7.4213E+01 -9.0388E-01
  7.4341E+01 -9.1076E-01
  7.4469E+01 -9.1711E-01
  7.4597E+01 -9.2278E-01
  7.4725E+01 -9.2778E-01
  7.4853E+01 -9.3195E-01
  7.4980E+01 -9.3504E-01
  7.5108E+01 -9.3727E-01
  7.5236E+01 -9.3893E-01
  7.5364E+01 -9.4007E-01
  7.5492E+01 -9.4069E-01
  7.5620E+01 -9.4078E-01
  7.5748E+01 -9.4006E-01
  7.5876E+01 -9.3824E-01
  7.6004E+01 -9.3562E-01
  7.6132E+01 -9.3238E-01
  7.6260E+01 -9.2853E-01
  7.6388E+01 -9.2413E-01
  7.6516E+01 -9.1912E-01
  7.6644E+01 -9.1329E-01
  7.6772E+01 -9.0655E-01
  7.6900E+01 -8.9890E-01
  7.7028E+01 -8.9025E-01
  7.7156E+01 -8.8078E-01
  7.7284E+01 -8.7070E-01
  7.7412E+01 -8.5988E-01
  7.7540E+01 -8.4832E-01
  7.7667E+01 -8.3584E-01
  7.7795E+01 -8.2204E-01
  7.7923E+01 -8.0680E-01
  7.8051E+01 -7.9052E-01
  7.8179E+01 -7.7346E-01
  7.8307E+01 -7.5550E-01
  7.8435E+01 -7.3682E-01
  7.8563E+01 -7.1695E-01
  7.8691E+01 -6.9528E-01
  7.8819E+01 -6.7194E-01
  7.8947E+01 -6.4736E-01
  7.9075E+01 -6.2169E-01
  7.9203E+01 -5.9484E-01
  7.9331E+01 -5.6683E-01
  7.9459E+01 -5.3748E-01
  7.9587E+01 -5.0653E-01
  7.9715E+01 -4.7423E-01
  7.9843E+01 -4.4078E-01
  7.9971E+01 -4.0618E-01
  8.0099E+01 -3.7031E-01
  8.0227E+01 -3.3320E-01
  8.0354E+01 -2.9506E-01
  8.0482E+01 -2.5603E-01
  8.0610E+01 -2.1614E-01
  8.0738E+01 -1.7535E-01
  8.0866E+01 -1.3391E-01
  8.0994E+01 -9.2028E-02
  8.1122E+01 -4.9828E-02
  8.1250E+01 -7.4232E-03
  8.1378E+01  3.5049E-02
  8.1506E+01  7.7434E-02
  8.1634E+01  1.1958E-01
  8.1762E+01  1.6131E-01
  8.1890E+01  2.0237E-01
  8.2018E+01  2.4277E-01
  8.2146E+01  2.8254E-01
  8.2274E+01  3.2146E-01
  8.2402E+01  3.5923E-01
  8.2530E+01  3.9574E-01
  8.2658E+01  4.3109E-01
  8.2786E+01  4.6529E-01
  8.2914E+01  4.9822E-01
  8.3041E+01  5.2975E-01
  8.3169E+01  5.5997E-01
  8.3297E+01  5.8900E-01
  8.3425E+01  6.1672E-01
  8.3553E+01  6.4294E-01
  8.3681E+01  6.6771E-01
  8.3809E+01  6.9133E-01
  8.3937E+01  7.1397E-01
  8.4065E+01  7.3541E-01
  8.4193E+01  7.5557E-01
  8.4321E+01  7.7442E-01
  8.4449E+01  7.9173E-01
  8.4577E+01  8.0783E-01
  8.4705E+01  8.2310E-01
  8.4833E+01  8.3763E-01
  8.4961E+01  8.5137E-01
  8.5089E+01  8.6428E-01
  8.5217E+01  8.7605E-01
  8.5345E+01  8.8623E-01
  8.5473E+01  8.9543E-01
  8.5601E+01  9.0407E-01
  8.5729E+01  9.1208E-01
  8.5856E+01  9.1949E-01
  8.5984E+01  9.2620E-01
  8.6112E+01  9.3198E-01
  8.6240E+01  9.3674E-01
  8.6368E+01  9.4069E-01
  8.6496E+01  9.4392E-01
  8.6624E+01  9.4651E-01
  8.6752E+01  9.4858E-01
  8.6880E+01  9.5003E-01
  8.7008E+01  9.5076E-01
  8.7136E+01  9.5073E-01
  8.7264E+01  9.4983E-01
  8.7392E+01  9.4804E-01
  8.7520E+01  9.4557E-01
  8.7648E+01  9.4257E-01
  8.7776E+01  9.3898E-01
  8.7904E+01  9.3492E-01
  8.8032E+01  9.3009E-01
  8.8160E+01  9.2404E-01
  8.8288E+01  9.1692E-01
  8.8416E+01  9.0907E-01
  8.8543E+01  9.0063E-01
  8.8671E+01  8.9154E-01
  8.8799E+01  8.8184E-01
  8.8927E+01  8.7121E-01
  8.9055E+01  8.5928E-01
  8.9183E+01  8.4625E-01
  8.9311E+01  8.3219E-01
  8.9439E+01  8.1715E-01
  8.9567E+01  8.0128E-01
  8.9695E+01  7.8456E-01
  8.9823E+01  7.6676E-01
  8.9951E+01  7.4777E-01
  9.0079E+01  7.2740E-01
  9.0207E+01  7.0527E-01
  9.0335E+01  6.8180E-01
  9.0463E+01  6.5739E-01
  9.0591E+01  6.3189E-01
  9.0719E+01  6.0501E-01
  9.0847E+01  5.7671E-01
  9.0975E+01  5.4712E-01
  9.1103E+01  5.1633E-01
  9.1230E+01  4.8418E-01
  9.1358E+01  4.5043E-01
  9.1486E+01  4.1537E-01
  9.1614E+01  3.7926E-01
  9.1742E+01  3.4205E-01
  9.1870E+01  3.0364E-01
  9.1998E+01  2.6409E-01
  9.2126E+01  2.2367E-01
  9.2254E+01  1.8256E-01
  9.2382E+01  1.4078E-01
  9.2510E+01  9.8411E-02
  9.2638E+01  5.5617E-02
  9.2766E+01  1.2499E-02
  9.2894E+01 -3.0723E-02
  9.3022E+01 -7.3792E-02
  9.3150E+01 -1.1655E-01
  9.3278E+01 -1.5890E-01
  9.3406E+01 -2.0073E-01
  9.3534E+01 -2.4189E-01
  9.3662E+01 -2.8226E-01
  9.3790E+01 -3.2172E-01
  9.3918E+01 -3.6011E-01
  9.4045E+01 -3.9740E-01
  9.4173E+01 -4.3357E-01
  9.4301E+01 -4.6854E-01
  9.4429E+01 -5.0219E-01
  9.4557E+01 -5.3442E-01
  9.4685E+01 -5.6531E-01
  9.4813E+01 -5.9487E-01
  9.4941E+01 -6.2312E-01
  9.5069E+01 -6.4999E-01
  9.5197E+01 -6.7563E-01
  9.5325E+01 -7.0034E-01
  9.5453E+01 -7.2394E-01
  9.5581E+01 -7.4584E-01
  9.5709E+01 -7.6585E-01
  9.5837E+01 -7.8459E-01
  9.5965E+01 -8.0245E-01
  9.6093E+01 -8.1934E-01
  9.6221E+01 -8.3545E-01
  9.6349E+01 -8.5057E-01
  9.6477E+01 -8.6448E-01
  9.6605E+01 -8.7721E-01
  9.6732E+01 -8.8886E-01
  9.6860E+01 -8.9950E-01
  9.6988E+01 -9.0933E-01
  9.7116E+01 -9.1855E-01
  9.7244E+01 -9.2701E-01
  9.7372E+01 -9.3475E-01
  9.7500E+01 -9.4161E-01
  9.7628E+01 -9.4733E-01
  9.7756E+01 -9.5208E-01
  9.7884E+01 -9.5619E-01
  9.8012E+01 -9.5978E-01
  9.8140E+01 -9.6279E-01
  9.8268E+01 -9.6525E-01
  9.8396E+01 -9.6692E-01
  9.8524E+01 -9.6744E-01
  9.8652E+01 -9.6711E-01
  9.8780E+01 -9.6616E-01
  9.8908E+01 -9.6460E-01
  9.9036E+01 -9.6250E-01
  9.9164E+01 -9.5981E-01
  9.9292E+01 -9.5635E-01
  9.9419E+01 -9.5197E-01
  9.9547E+01 -9.4674E-01
  9.9675E+01 -9.4059E-01
  9.9803E+01 -9.3366E-01
  9.9931E+01 -9.2612E-01
  1.0006E+02 -9.1789E-01
  1.0019E+02 -9.0895E-01
  1.0032E+02 -8.9917E-01
  1.0044E+02 -8.8823E-01
  1.0057E+02 -8.7589E-01
  1.0070E+02 -8.6255E-01
  1.0083E+02 -8.4853E-01
  1.0095E+02 -8.3368E-01
  1.0108E+02 -8.1815E-01
  1.0121E+02 -8.0158E-01
  1.0134E+02 -7.8339E-01
  1.0147E+02 -7.6353E-01
  1.0159E+02 -7.4246E-01
  1.0172E+02 -7.2036E-01
  1.0185E+02 -6.9714E-01
  1.0198E+02 -6.7291E-01
  1.0211E+02 -6.4734E-01
  1.0223E+02 -6.2008E-01
  1.0236E+02 -5.9130E-01
  1.0249E+02 -5.6122E-01
  1.0262E+02 -5.2986E-01
  1.0275E+02 -4.9719E-01
  1.0287E+02 -4.6320E-01
  1.0300E+02 -4.2786E-01
  1.0313E+02 -3.9105E-01
  1.0326E+02 -3.5302E-01
  1.0339E+02 -3.1395E-01
  1.0351E+02 -2.7390E-01
  1.0364E+02 -2.3288E-01
  1.0377E+02 -1.9102E-01
  1.0390E+02 -1.4843E-01
  1.0403E+02 -1.0527E-01
  1.0415E+02 -6.1673E-02
  1.0428E+02 -1.7803E-02
  1.0441E+02  2.6173E-02
  1.0454E+02  7.0075E-02
  1.0467E+02  1.1377E-01
  1.0479E+02  1.5716E-01
  1.0492E+02  2.0006E-01
  1.0505E+02  2.4224E-01
  1.0518E+02  2.8355E-01
  1.0531E+02  3.2400E-01
  1.0543E+02  3.6359E-01
  1.0556E+02  4.0210E-01
  1.0569E+02  4.3927E-01
  1.0582E+02  4.7517E-01
  1.0595E+02  5.0992E-01
  1.0607E+02  5.4339E-01
  1.0620E+02  5.7533E-01
  1.0633E+02  6.0568E-01
  1.0646E+02  6.3476E-01
  1.0658E+02  6.6279E-01
  1.0671E+02  6.8954E-01
  1.0684E+02  7.1488E-01
  1.0697E+02  7.3878E-01
  1.0710E+02  7.6099E-01
  1.0722E+02  7.8176E-01
  1.0735E+02  8.0151E-01
  1.0748E+02  8.2040E-01
  1.0761E+02  8.3837E-01
  1.0774E+02  8.5547E-01
  1.0786E+02  8.7135E-01
  1.0799E+02  8.8543E-01
  1.0812E+02  8.9833E-01
  1.0825E+02  9.1057E-01
  1.0838E+02  9.2215E-01
  1.0850E+02  9.3302E-01
  1.0863E+02  9.4312E-01
  1.0876E+02  9.5223E-01
  1.0889E+02  9.6020E-01
  1.0902E+02  9.6728E-01
  1.0914E+02  9.7364E-01
  1.0927E+02  9.7931E-01
  1.0940E+02  9.8443E-01
  1.0953E+02  9.8893E-01
  1.0966E+02  9.9272E-01
  1.0978E+02  9.9574E-01
  1.0991E+02  9.9795E-01
  1.1004E+02  9.9931E-01
  1.1017E+02  1.0000E+00
  1.1030E+02  1.0002E+00
  1.1042E+02  9.9992E-01
  1.1055E+02  9.9910E-01
  1.1068E+02  9.9764E-01
  1.1081E+02  9.9536E-01
  1.1094E+02  9.9226E-01
  1.1106E+02  9.8847E-01
  1.1119E+02  9.8409E-01
  1.1132E+02  9.7912E-01
  1.1145E+02  9.7361E-01
  1.1158E+02  9.6753E-01
  1.1170E+02  9.6098E-01
  1.1183E+02  9.5376E-01
  1.1196E+02  9.4558E-01
  1.1209E+02  9.3648E-01
  1.1221E+02  9.2673E-01
  1.1234E+02  9.1645E-01
  1.1247E+02  9.0558E-01
  1.1260E+02  8.9413E-01
  1.1273E+02  8.8205E-01
  1.1285E+02  8.6936E-01
  1.1298E+02  8.5593E-01
  1.1311E+02  8.4159E-01
  1.1324E+02  8.2640E-01
  1.1337E+02  8.1056E-01
  1.1349E+02  7.9419E-01
  1.1362E+02  7.7726E-01
  1.1375E+02  7.5982E-01
  1.1388E+02  7.4180E-01
  1.1401E+02  7.2312E-01
  1.1413E+02  7.0388E-01
  1.1426E+02  6.8423E-01
  1.1439E+02  6.6419E-01
  1.1452E+02  6.4377E-01
  1.1465E+02  6.2299E-01
  1.1477E+02  6.0194E-01
  1.1490E+02  5.8070E-01
  1.1503E+02  5.5932E-01
  1.1516E+02  5.3788E-01
  1.1529E+02  5.1645E-01
  1.1541E+02  4.9509E-01
  1.1554E+02  4.7386E-01
  1.1567E+02  4.5286E-01
  1.1580E+02  4.3217E-01
  1.1593E+02  4.1178E-01
  1.1605E+02  3.9173E-01
  1.1618E+02  3.7213E-01
  1.1631E+02  3.5315E-01
  1.1644E+02  3.3472E-01
  1.1657E+02  3.1676E-01
  1.1669E+02  2.9934E-01
  1.1682E+02  2.8257E-01
  1.1695E+02  2.6652E-01
  1.1708E+02  2.5123E-01
  1.1720E+02  2.3678E-01
  1.1733E+02  2.2299E-01
  1.1746E+02  2.0970E-01
  1.1759E+02  1.9695E-01
  1.1772E+02  1.8470E-01
  1.1784E+02  1.7305E-01
  1.1797E+02  1.6221E-01
  1.1810E+02  1.5219E-01
  1.1823E+02  1.4275E-01
  1.1836E+02  1.3376E-01
  1.1848E+02  1.2523E-01
  1.1861E+02  1.1708E-01
  1.1874E+02  1.0936E-01
  1.1887E+02  1.0212E-01
  1.1900E+02  9.5364E-02
  1.1912E+02  8.9139E-02
  1.1925E+02  8.3408E-02
  1.1938E+02  7.8018E-02
  1.1951E+02  7.2873E-02
  1.1964E+02  6.8006E-02
  1.1976E+02  6.3386E-02
  1.1989E+02  5.9064E-02
  1.2002E+02  5.5112E-02
  1.2015E+02  5.1473E-02
  1.2028E+02  4.8082E-02
  1.2040E+02  4.4905E-02
  1.2053E+02  4.1910E-02
  1.2066E+02  3.9069E-02
  1.2079E+02  3.6395E-02
  1.2092E+02  3.3879E-02
  1.2104E+02  3.1544E-02
  1.2117E+02  2.9437E-02
  1.2130E+02  2.7504E-02
  1.2143E+02  2.5681E-02
  1.2156E+02  2.3952E-02
  1.2168E+02  2.2318E-02
  1.2181E+02  2.0776E-02
  1.2194E+02  1.9340E-02
  1.2207E+02  1.8025E-02
  1.2220E+02  1.6810E-02
  1.2232E+02  1.5690E-02
  1.2245E+02  1.4647E-02
  1.2258E+02  1.3662E-02
  1.2271E+02  1.2729E-02
  1.2283E+02  1.1849E-02
  1.2296E+02  1.1020E-02
  1.2309E+02  1.0257E-02
  1.2322E+02  9.5758E-03
  1.2335E+02  8.9471E-03
  1.2347E+02  8.3475E-03
  1.2360E+02  7.7812E-03
  1.2373E+02  7.2475E-03
  1.2386E+02  6.7467E-03
  1.2399E+02  6.2808E-03
  1.2411E+02  5.8499E-03
  1.2424E+02  5.4523E-03
  1.2437E+02  5.0883E-03
  1.2450E+02  4.7499E-03
  1.2463E+02  4.4291E-03
  1.2475E+02  4.1270E-03
  1.2488E+02  3.8422E-03
  1.2501E+02  3.5754E-03
  1.2514E+02  3.3288E-03
  1.2527E+02  3.1026E-03
  1.2539E+02  2.8939E-03
  1.2552E+02  2.7011E-03
  1.2565E+02  2.5211E-03
  1.2578E+02  2.3495E-03
  1.2591E+02  2.1876E-03
  1.2603E+02  2.0353E-03
  1.2616E+02  1.8933E-03
  1.2629E+02  1.7638E-03
  1.2642E+02  1.6464E-03
  1.2655E+02  1.5366E-03
  1.2667E+02  1.4316E-03
  1.2680E+02  1.3327E-03
  1.2693E+02  1.2391E-03
  1.2706E+02  1.1522E-03
  1.2719E+02  1.0746E-03
  1.2731E+02  1.0042E-03
  1.2744E+02  9.3817E-04
  1.2757E+02  8.7540E-04
  1.2770E+02  8.1627E-04
  1.2783E+02  7.6055E-04
  1.2795E+02  7.0799E-04