     -35-4.033e-021       0-5.427e-006
   -33.6-1.528e-005-2.351e-005-2.188e-005
   -32.2-9.587e-005-0.0001059-0.0001125
   -30.8-0.0004195-0.0002967-0.0003944
   -29.4-0.001701-0.001639-0.00175
     -28-0.006501-0.003917-0.005639
   -26.6-0.01811-0.003535-0.01086
   -25.2-0.009556 0.07978 0.04252
   -23.8  0.1656  0.1945  0.2345
   -22.4  0.5846 -0.1118  0.2925
     -21  0.8798 -0.1262  0.1259
   -19.6  0.9683-0.01592 0.02636
   -18.2  0.9561 -0.1186-0.06781
   -16.8  0.7225  -0.187 -0.2817
   -15.4   0.186-0.06097 -0.4553
     -14 -0.4466  0.1367 -0.4023
   -12.6 -0.8637  0.1742 -0.1847
   -11.2 -0.9918 0.05112-0.02703
    -9.8      -1-0.01128 0.0008525
    -8.4 -0.9765 0.09081 0.05652
      -7 -0.7773   0.186  0.2503
    -5.6 -0.2764 0.08859  0.4425
    -4.2  0.3636 -0.1142  0.4245
    -2.8  0.8238 -0.1822  0.2171
    -1.4  0.9856-0.07061 0.04012
       0       1 0.01329       0
     1.4  0.9856-0.07061-0.04012
     2.8  0.8238 -0.1822 -0.2171
     4.2  0.3636 -0.1142 -0.4245
     5.6 -0.2764 0.08859 -0.4425
       7 -0.7773   0.186 -0.2503
     8.4 -0.9765 0.09081-0.05652
     9.8      -1-0.01128-0.0008525
    11.2 -0.9918 0.05112 0.02703
    12.6 -0.8637  0.1742  0.1847
      14 -0.4466  0.1367  0.4023
    15.4   0.186-0.06097  0.4553
    16.8  0.7225  -0.187  0.2817
    18.2  0.9561 -0.1186 0.06781
    19.6  0.9683-0.01592-0.02636
      21  0.8798 -0.1262 -0.1259
    22.4  0.5846 -0.1118 -0.2925
    23.8  0.1656  0.1945 -0.2345
    25.2-0.009556 0.07978-0.04252
    26.6-0.01811-0.003535 0.01086
      28-0.006501-0.003917 0.005639
    29.4-0.001701-0.001639 0.00175
    30.8-0.0004195-0.0002967 0.0003944
    32.2-9.587e-005-0.0001059 0.0001125
    33.6-1.528e-005-2.351e-005 2.188e-005
      35-4.033e-021       0 5.427e-006
